{
 "cells": [
  {
   "cell_type": "markdown",
   "id": "730e7ff2",
   "metadata": {},
   "source": [
    "# Data Analysis And Practical - 4\n",
    "## Shad Jamil\n",
    "## CSC/21/45"
   ]
  },
  {
   "cell_type": "code",
   "execution_count": 4,
   "id": "71b58197",
   "metadata": {},
   "outputs": [
    {
     "name": "stdout",
     "output_type": "stream",
     "text": [
      "Acquired DataFrame:\n",
      "\n",
      "        Col1      Col2      Col3\n",
      "0   0.682881  0.206784  0.013455\n",
      "1   0.783925  0.393434  0.049236\n",
      "2   0.772594  0.206481  0.288398\n",
      "3   0.492280  0.484211  0.194326\n",
      "4   0.197248  0.068652  0.268006\n",
      "5   0.892160  0.080545  0.433682\n",
      "6   0.305926  0.422013  0.604318\n",
      "7   0.313714  0.043631  0.774311\n",
      "8   0.339754  0.965632  0.034533\n",
      "9   0.148361  0.725745  0.065957\n",
      "10  0.454817  0.639184  0.845437\n",
      "11  0.846323  0.828858  0.199262\n",
      "12  0.021332  0.195676  0.139573\n",
      "13  0.922980  0.738134  0.545251\n",
      "14  0.967218  0.636276  0.668695\n",
      "15       NaN       NaN       NaN\n",
      "16       NaN       NaN       NaN\n",
      "17  0.669454  0.831103  0.313997\n",
      "18  0.185592  0.747234  0.676615\n",
      "19  0.541976  0.502911  0.676689\n",
      "20  0.280902  0.775334  0.883078\n",
      "21       NaN       NaN       NaN\n",
      "22  0.419839  0.531416  0.274781\n",
      "23  0.683998  0.927282  0.632482\n",
      "24       NaN       NaN       NaN\n",
      "25       NaN       NaN       NaN\n",
      "26  0.817794  0.678031  0.030699\n",
      "27  0.356871  0.192558  0.062831\n",
      "28  0.487123  0.912645  0.873654\n",
      "29  0.048407  0.658765  0.620407\n",
      "30  0.494716  0.308894  0.938305\n",
      "31  0.820723  0.104469  0.264013\n",
      "32  0.918657  0.797679  0.222038\n",
      "33       NaN       NaN       NaN\n",
      "34       NaN       NaN       NaN\n",
      "35  0.900773  0.481834  0.259489\n",
      "36  0.529321  0.710574  0.490034\n",
      "37       NaN       NaN       NaN\n",
      "38       NaN       NaN       NaN\n",
      "39  0.458132  0.604310  0.754716\n",
      "40  0.083181  0.165589  0.275054\n",
      "41  0.396066  0.545951  0.461533\n",
      "42       NaN       NaN       NaN\n",
      "43  0.663116  0.556754  0.263829\n",
      "44  0.030904  0.587509  0.907292\n",
      "45  0.381704  0.326459  0.607293\n",
      "46       NaN       NaN       NaN\n",
      "47  0.010397  0.444512  0.551197\n",
      "48  0.214805  0.222936  0.274977\n",
      "49       NaN       NaN       NaN\n"
     ]
    }
   ],
   "source": [
    "import numpy as np\n",
    "import pandas as pd\n",
    "#Creating a dataframe with 3 columns and 50 rows\n",
    "dat = pd.DataFrame(np.random.rand(50,3), columns=['Col1','Col2','Col3'])\n",
    "#Replacing 10% values with null values\n",
    "x = int(0.1*dat.size)\n",
    "indices_to_replace = np.unravel_index(np.random.choice(dat.size, x, replace=False),[50,3])\n",
    "dat.iloc[indices_to_replace] = np.nan\n",
    "#Printing Results\n",
    "print('Acquired DataFrame:\\n')\n",
    "print(dat)"
   ]
  },
  {
   "cell_type": "code",
   "execution_count": 5,
   "id": "bbe15a9e",
   "metadata": {},
   "outputs": [
    {
     "name": "stdout",
     "output_type": "stream",
     "text": [
      "DataFrame With Missing Values:\n",
      "\n",
      "     Col1   Col2   Col3\n",
      "0   False  False  False\n",
      "1   False  False  False\n",
      "2   False  False  False\n",
      "3   False  False  False\n",
      "4   False  False  False\n",
      "5   False  False  False\n",
      "6   False  False  False\n",
      "7   False  False  False\n",
      "8   False  False  False\n",
      "9   False  False  False\n",
      "10  False  False  False\n",
      "11  False  False  False\n",
      "12  False  False  False\n",
      "13  False  False  False\n",
      "14  False  False  False\n",
      "15   True   True   True\n",
      "16   True   True   True\n",
      "17  False  False  False\n",
      "18  False  False  False\n",
      "19  False  False  False\n",
      "20  False  False  False\n",
      "21   True   True   True\n",
      "22  False  False  False\n",
      "23  False  False  False\n",
      "24   True   True   True\n",
      "25   True   True   True\n",
      "26  False  False  False\n",
      "27  False  False  False\n",
      "28  False  False  False\n",
      "29  False  False  False\n",
      "30  False  False  False\n",
      "31  False  False  False\n",
      "32  False  False  False\n",
      "33   True   True   True\n",
      "34   True   True   True\n",
      "35  False  False  False\n",
      "36  False  False  False\n",
      "37   True   True   True\n",
      "38   True   True   True\n",
      "39  False  False  False\n",
      "40  False  False  False\n",
      "41  False  False  False\n",
      "42   True   True   True\n",
      "43  False  False  False\n",
      "44  False  False  False\n",
      "45  False  False  False\n",
      "46   True   True   True\n",
      "47  False  False  False\n",
      "48  False  False  False\n",
      "49   True   True   True\n",
      "Total Missing Values: 36\n"
     ]
    }
   ],
   "source": [
    "#(a) - Identify and Count missing values\n",
    "#Identifying missing values\n",
    "missing_values_identified_df = dat.isnull()\n",
    "#Counting missing values\n",
    "total_missing_values = missing_values_identified_df.sum().sum()\n",
    "#Printing Results\n",
    "print('DataFrame With Missing Values:\\n')\n",
    "print(missing_values_identified_df)\n",
    "print('Total Missing Values:', total_missing_values)"
   ]
  },
  {
   "cell_type": "code",
   "execution_count": 6,
   "id": "ad7a3f14",
   "metadata": {},
   "outputs": [
    {
     "name": "stdout",
     "output_type": "stream",
     "text": [
      "DataFrame With Columns Dropped:\n",
      "\n",
      "Empty DataFrame\n",
      "Columns: []\n",
      "Index: [0, 1, 2, 3, 4, 5, 6, 7, 8, 9, 10, 11, 12, 13, 14, 15, 16, 17, 18, 19, 20, 21, 22, 23, 24, 25, 26, 27, 28, 29, 30, 31, 32, 33, 34, 35, 36, 37, 38, 39, 40, 41, 42, 43, 44, 45, 46, 47, 48, 49]\n"
     ]
    }
   ],
   "source": [
    "#(b) - Dropping column with more than 5 null values\n",
    "#Checking for columns with more than 5 null values\n",
    "columns_to_drop = dat.columns[dat.isnull().sum()>5]\n",
    "#Dropping appropriate columns \n",
    "columns_dropped_df = dat.drop(columns=columns_to_drop)\n",
    "#Printing Results \n",
    "print('DataFrame With Columns Dropped:\\n')\n",
    "print(columns_dropped_df)\n"
   ]
  },
  {
   "cell_type": "code",
   "execution_count": 7,
   "id": "28f31344",
   "metadata": {},
   "outputs": [
    {
     "name": "stdout",
     "output_type": "stream",
     "text": [
      "Row Index with Max Sum: 28 \n",
      "\n",
      "DataFrame with Row With Max Sum Dropped:\n",
      "\n",
      "        Col1      Col2      Col3\n",
      "0   0.682881  0.206784  0.013455\n",
      "1   0.783925  0.393434  0.049236\n",
      "2   0.772594  0.206481  0.288398\n",
      "3   0.492280  0.484211  0.194326\n",
      "4   0.197248  0.068652  0.268006\n",
      "5   0.892160  0.080545  0.433682\n",
      "6   0.305926  0.422013  0.604318\n",
      "7   0.313714  0.043631  0.774311\n",
      "8   0.339754  0.965632  0.034533\n",
      "9   0.148361  0.725745  0.065957\n",
      "10  0.454817  0.639184  0.845437\n",
      "11  0.846323  0.828858  0.199262\n",
      "12  0.021332  0.195676  0.139573\n",
      "13  0.922980  0.738134  0.545251\n",
      "14  0.967218  0.636276  0.668695\n",
      "15       NaN       NaN       NaN\n",
      "16       NaN       NaN       NaN\n",
      "17  0.669454  0.831103  0.313997\n",
      "18  0.185592  0.747234  0.676615\n",
      "19  0.541976  0.502911  0.676689\n",
      "20  0.280902  0.775334  0.883078\n",
      "21       NaN       NaN       NaN\n",
      "22  0.419839  0.531416  0.274781\n",
      "23  0.683998  0.927282  0.632482\n",
      "24       NaN       NaN       NaN\n",
      "25       NaN       NaN       NaN\n",
      "26  0.817794  0.678031  0.030699\n",
      "27  0.356871  0.192558  0.062831\n",
      "29  0.048407  0.658765  0.620407\n",
      "30  0.494716  0.308894  0.938305\n",
      "31  0.820723  0.104469  0.264013\n",
      "32  0.918657  0.797679  0.222038\n",
      "33       NaN       NaN       NaN\n",
      "34       NaN       NaN       NaN\n",
      "35  0.900773  0.481834  0.259489\n",
      "36  0.529321  0.710574  0.490034\n",
      "37       NaN       NaN       NaN\n",
      "38       NaN       NaN       NaN\n",
      "39  0.458132  0.604310  0.754716\n",
      "40  0.083181  0.165589  0.275054\n",
      "41  0.396066  0.545951  0.461533\n",
      "42       NaN       NaN       NaN\n",
      "43  0.663116  0.556754  0.263829\n",
      "44  0.030904  0.587509  0.907292\n",
      "45  0.381704  0.326459  0.607293\n",
      "46       NaN       NaN       NaN\n",
      "47  0.010397  0.444512  0.551197\n",
      "48  0.214805  0.222936  0.274977\n",
      "49       NaN       NaN       NaN\n"
     ]
    }
   ],
   "source": [
    "#(c) - Identify the row label having maximum of the sum of all values in a row a\n",
    "#Identifying the row label having max sum\n",
    "max_sum_row = dat.sum(axis=1).idxmax()\n",
    "#Dropping appropriate column\n",
    "max_sum_row_dropped_df = dat.drop(max_sum_row)\n",
    "#Printing Results\n",
    "print('Row Index with Max Sum:', max_sum_row, '\\n')\n",
    "print('DataFrame with Row With Max Sum Dropped:\\n')\n",
    "print(max_sum_row_dropped_df)"
   ]
  },
  {
   "cell_type": "code",
   "execution_count": 8,
   "id": "7d9a75b9",
   "metadata": {},
   "outputs": [
    {
     "name": "stdout",
     "output_type": "stream",
     "text": [
      "DataFrame Sorted by Col1:\n",
      "\n",
      "        Col1      Col2      Col3\n",
      "47  0.010397  0.444512  0.551197\n",
      "12  0.021332  0.195676  0.139573\n",
      "44  0.030904  0.587509  0.907292\n",
      "29  0.048407  0.658765  0.620407\n",
      "40  0.083181  0.165589  0.275054\n",
      "9   0.148361  0.725745  0.065957\n",
      "18  0.185592  0.747234  0.676615\n",
      "4   0.197248  0.068652  0.268006\n",
      "48  0.214805  0.222936  0.274977\n",
      "20  0.280902  0.775334  0.883078\n",
      "6   0.305926  0.422013  0.604318\n",
      "7   0.313714  0.043631  0.774311\n",
      "8   0.339754  0.965632  0.034533\n",
      "27  0.356871  0.192558  0.062831\n",
      "45  0.381704  0.326459  0.607293\n",
      "41  0.396066  0.545951  0.461533\n",
      "22  0.419839  0.531416  0.274781\n",
      "10  0.454817  0.639184  0.845437\n",
      "39  0.458132  0.604310  0.754716\n",
      "28  0.487123  0.912645  0.873654\n",
      "3   0.492280  0.484211  0.194326\n",
      "30  0.494716  0.308894  0.938305\n",
      "36  0.529321  0.710574  0.490034\n",
      "19  0.541976  0.502911  0.676689\n",
      "43  0.663116  0.556754  0.263829\n",
      "17  0.669454  0.831103  0.313997\n",
      "0   0.682881  0.206784  0.013455\n",
      "23  0.683998  0.927282  0.632482\n",
      "2   0.772594  0.206481  0.288398\n",
      "1   0.783925  0.393434  0.049236\n",
      "26  0.817794  0.678031  0.030699\n",
      "31  0.820723  0.104469  0.264013\n",
      "11  0.846323  0.828858  0.199262\n",
      "5   0.892160  0.080545  0.433682\n",
      "35  0.900773  0.481834  0.259489\n",
      "32  0.918657  0.797679  0.222038\n",
      "13  0.922980  0.738134  0.545251\n",
      "14  0.967218  0.636276  0.668695\n",
      "15       NaN       NaN       NaN\n",
      "16       NaN       NaN       NaN\n",
      "21       NaN       NaN       NaN\n",
      "24       NaN       NaN       NaN\n",
      "25       NaN       NaN       NaN\n",
      "33       NaN       NaN       NaN\n",
      "34       NaN       NaN       NaN\n",
      "37       NaN       NaN       NaN\n",
      "38       NaN       NaN       NaN\n",
      "42       NaN       NaN       NaN\n",
      "46       NaN       NaN       NaN\n",
      "49       NaN       NaN       NaN\n"
     ]
    }
   ],
   "source": [
    "#(d) - Sort the dataframe on the basis of the first column\n",
    "sorted_df = dat.sort_values(by='Col1')\n",
    "#Printing Results \n",
    "print('DataFrame Sorted by Col1:\\n')\n",
    "print(sorted_df)\n"
   ]
  },
  {
   "cell_type": "code",
   "execution_count": 9,
   "id": "807d6b9e",
   "metadata": {},
   "outputs": [
    {
     "name": "stdout",
     "output_type": "stream",
     "text": [
      "DataFrame with Duplicates Removed from Col1:\n",
      "\n",
      "        Col1      Col2      Col3\n",
      "0   0.682881  0.206784  0.013455\n",
      "1   0.783925  0.393434  0.049236\n",
      "2   0.772594  0.206481  0.288398\n",
      "3   0.492280  0.484211  0.194326\n",
      "4   0.197248  0.068652  0.268006\n",
      "5   0.892160  0.080545  0.433682\n",
      "6   0.305926  0.422013  0.604318\n",
      "7   0.313714  0.043631  0.774311\n",
      "8   0.339754  0.965632  0.034533\n",
      "9   0.148361  0.725745  0.065957\n",
      "10  0.454817  0.639184  0.845437\n",
      "11  0.846323  0.828858  0.199262\n",
      "12  0.021332  0.195676  0.139573\n",
      "13  0.922980  0.738134  0.545251\n",
      "14  0.967218  0.636276  0.668695\n",
      "15       NaN       NaN       NaN\n",
      "17  0.669454  0.831103  0.313997\n",
      "18  0.185592  0.747234  0.676615\n",
      "19  0.541976  0.502911  0.676689\n",
      "20  0.280902  0.775334  0.883078\n",
      "22  0.419839  0.531416  0.274781\n",
      "23  0.683998  0.927282  0.632482\n",
      "26  0.817794  0.678031  0.030699\n",
      "27  0.356871  0.192558  0.062831\n",
      "28  0.487123  0.912645  0.873654\n",
      "29  0.048407  0.658765  0.620407\n",
      "30  0.494716  0.308894  0.938305\n",
      "31  0.820723  0.104469  0.264013\n",
      "32  0.918657  0.797679  0.222038\n",
      "35  0.900773  0.481834  0.259489\n",
      "36  0.529321  0.710574  0.490034\n",
      "39  0.458132  0.604310  0.754716\n",
      "40  0.083181  0.165589  0.275054\n",
      "41  0.396066  0.545951  0.461533\n",
      "43  0.663116  0.556754  0.263829\n",
      "44  0.030904  0.587509  0.907292\n",
      "45  0.381704  0.326459  0.607293\n",
      "47  0.010397  0.444512  0.551197\n",
      "48  0.214805  0.222936  0.274977\n"
     ]
    }
   ],
   "source": [
    "#(e) - Remove all duplicates from the first column\n",
    "duplicates_dropped_df = dat.drop_duplicates(subset='Col1')\n",
    "#Printing Results\n",
    "print('DataFrame with Duplicates Removed from Col1:\\n')\n",
    "print(duplicates_dropped_df)"
   ]
  },
  {
   "cell_type": "code",
   "execution_count": 11,
   "id": "0bf17984",
   "metadata": {},
   "outputs": [
    {
     "name": "stdout",
     "output_type": "stream",
     "text": [
      "Correlation b/w 1st and 2nd Column: 0.1420138739574065\n",
      "Covariance b/w 2nd and 3rd Column: 0.01353966590974579\n"
     ]
    }
   ],
   "source": [
    "#(f) - Find the correlation between first and second column and covariance betwe\n",
    "#Correlation (1st - 2nd col)\n",
    "corr_1_2 = dat['Col1'].corr(dat['Col2'])\n",
    "#Covariance (2nd - 3rd col)\n",
    "cov_2_3 = dat['Col2'].cov(dat['Col3'])\n",
    "#Printing Results\n",
    "print('Correlation b/w 1st and 2nd Column:', corr_1_2)\n",
    "print('Covariance b/w 2nd and 3rd Column:',cov_2_3)"
   ]
  },
  {
   "cell_type": "code",
   "execution_count": 12,
   "id": "bdea30fd",
   "metadata": {},
   "outputs": [
    {
     "name": "stdout",
     "output_type": "stream",
     "text": [
      "DataFrame with Outliers Removed:\n",
      "\n",
      "        Col1      Col2      Col3\n",
      "0   0.682881  0.206784  0.013455\n",
      "1   0.783925  0.393434  0.049236\n",
      "2   0.772594  0.206481  0.288398\n",
      "3   0.492280  0.484211  0.194326\n",
      "4   0.197248  0.068652  0.268006\n",
      "5   0.892160  0.080545  0.433682\n",
      "6   0.305926  0.422013  0.604318\n",
      "7   0.313714  0.043631  0.774311\n",
      "8   0.339754  0.965632  0.034533\n",
      "9   0.148361  0.725745  0.065957\n",
      "10  0.454817  0.639184  0.845437\n",
      "11  0.846323  0.828858  0.199262\n",
      "12  0.021332  0.195676  0.139573\n",
      "13  0.922980  0.738134  0.545251\n",
      "14  0.967218  0.636276  0.668695\n",
      "17  0.669454  0.831103  0.313997\n",
      "18  0.185592  0.747234  0.676615\n",
      "19  0.541976  0.502911  0.676689\n",
      "20  0.280902  0.775334  0.883078\n",
      "22  0.419839  0.531416  0.274781\n",
      "23  0.683998  0.927282  0.632482\n",
      "26  0.817794  0.678031  0.030699\n",
      "27  0.356871  0.192558  0.062831\n",
      "28  0.487123  0.912645  0.873654\n",
      "29  0.048407  0.658765  0.620407\n",
      "30  0.494716  0.308894  0.938305\n",
      "31  0.820723  0.104469  0.264013\n",
      "32  0.918657  0.797679  0.222038\n",
      "35  0.900773  0.481834  0.259489\n",
      "36  0.529321  0.710574  0.490034\n",
      "39  0.458132  0.604310  0.754716\n",
      "40  0.083181  0.165589  0.275054\n",
      "41  0.396066  0.545951  0.461533\n",
      "43  0.663116  0.556754  0.263829\n",
      "44  0.030904  0.587509  0.907292\n",
      "45  0.381704  0.326459  0.607293\n",
      "47  0.010397  0.444512  0.551197\n",
      "48  0.214805  0.222936  0.274977\n"
     ]
    }
   ],
   "source": [
    "#(g) - Detect the outliers and remove the rows having outliers\n",
    "#Function to Detect and Remove Outliers\n",
    "def remove_outliers(dat, zscore_thresh=3):\n",
    " z_scores = np.abs((dat - dat.mean()) / dat.std())\n",
    " outlier_mask = (z_scores < zscore_thresh).all(axis=1)\n",
    " new_df = dat[outlier_mask]\n",
    " return new_df\n",
    "#Removing Outliers From Data\n",
    "outliers_removed_df = remove_outliers(dat)\n",
    "#Printing Results\n",
    "print('DataFrame with Outliers Removed:\\n')\n",
    "print(outliers_removed_df)\n"
   ]
  },
  {
   "cell_type": "code",
   "execution_count": 13,
   "id": "7344626c",
   "metadata": {},
   "outputs": [
    {
     "name": "stdout",
     "output_type": "stream",
     "text": [
      "DataFrame with Col2 Discretized into 5 bins:\n",
      "\n",
      "        Col1      Col2      Col3  Col2_Discretized\n",
      "0   0.682881  0.206784  0.013455                 0\n",
      "1   0.783925  0.393434  0.049236                 1\n",
      "2   0.772594  0.206481  0.288398                 0\n",
      "3   0.492280  0.484211  0.194326                 2\n",
      "4   0.197248  0.068652  0.268006                 0\n",
      "5   0.892160  0.080545  0.433682                 0\n",
      "6   0.305926  0.422013  0.604318                 2\n",
      "7   0.313714  0.043631  0.774311                 0\n",
      "8   0.339754  0.965632  0.034533                 4\n",
      "9   0.148361  0.725745  0.065957                 3\n",
      "10  0.454817  0.639184  0.845437                 3\n",
      "11  0.846323  0.828858  0.199262                 4\n",
      "12  0.021332  0.195676  0.139573                 0\n",
      "13  0.922980  0.738134  0.545251                 3\n",
      "14  0.967218  0.636276  0.668695                 3\n",
      "15       NaN  0.506579       NaN                 2\n",
      "16       NaN  0.506579       NaN                 2\n",
      "17  0.669454  0.831103  0.313997                 4\n",
      "18  0.185592  0.747234  0.676615                 3\n",
      "19  0.541976  0.502911  0.676689                 2\n",
      "20  0.280902  0.775334  0.883078                 3\n",
      "21       NaN  0.506579       NaN                 2\n",
      "22  0.419839  0.531416  0.274781                 2\n",
      "23  0.683998  0.927282  0.632482                 4\n",
      "24       NaN  0.506579       NaN                 2\n",
      "25       NaN  0.506579       NaN                 2\n",
      "26  0.817794  0.678031  0.030699                 3\n",
      "27  0.356871  0.192558  0.062831                 0\n",
      "28  0.487123  0.912645  0.873654                 4\n",
      "29  0.048407  0.658765  0.620407                 3\n",
      "30  0.494716  0.308894  0.938305                 1\n",
      "31  0.820723  0.104469  0.264013                 0\n",
      "32  0.918657  0.797679  0.222038                 4\n",
      "33       NaN  0.506579       NaN                 2\n",
      "34       NaN  0.506579       NaN                 2\n",
      "35  0.900773  0.481834  0.259489                 2\n",
      "36  0.529321  0.710574  0.490034                 3\n",
      "37       NaN  0.506579       NaN                 2\n",
      "38       NaN  0.506579       NaN                 2\n",
      "39  0.458132  0.604310  0.754716                 3\n",
      "40  0.083181  0.165589  0.275054                 0\n",
      "41  0.396066  0.545951  0.461533                 2\n",
      "42       NaN  0.506579       NaN                 2\n",
      "43  0.663116  0.556754  0.263829                 2\n",
      "44  0.030904  0.587509  0.907292                 2\n",
      "45  0.381704  0.326459  0.607293                 1\n",
      "46       NaN  0.506579       NaN                 2\n",
      "47  0.010397  0.444512  0.551197                 2\n",
      "48  0.214805  0.222936  0.274977                 0\n",
      "49       NaN  0.506579       NaN                 2\n"
     ]
    }
   ],
   "source": [
    "#(h) - Discretize second column and create 5 bins\n",
    "#Filling Missing (NaN) Values in Col2 because pandas.cut cannot appropriately ha\n",
    "dat['Col2'] = dat['Col2'].fillna(dat['Col2'].mean())\n",
    "#Envoking pandas.cut funtion \n",
    "dat['Col2_Discretized'] = pd.cut(dat.iloc[:,1], bins=5, labels=False)\n",
    "#Printing Results\n",
    "print('DataFrame with Col2 Discretized into 5 bins:\\n')\n",
    "print(dat)\n"
   ]
  },
  {
   "cell_type": "code",
   "execution_count": null,
   "id": "cc2ba7db",
   "metadata": {},
   "outputs": [],
   "source": []
  }
 ],
 "metadata": {
  "kernelspec": {
   "display_name": "Python 3 (ipykernel)",
   "language": "python",
   "name": "python3"
  },
  "language_info": {
   "codemirror_mode": {
    "name": "ipython",
    "version": 3
   },
   "file_extension": ".py",
   "mimetype": "text/x-python",
   "name": "python",
   "nbconvert_exporter": "python",
   "pygments_lexer": "ipython3",
   "version": "3.10.6"
  }
 },
 "nbformat": 4,
 "nbformat_minor": 5
}
